-0.9269430417884
0.708523303841848
-0.131009383187836
0.119732691537819
-12.2871989339755
-7.07921759267491
14.9965547782218
19.7668682040766
9.99097968070765
20.0513419703828
5.44627192223598
-8.12666048341741
5.29801288712688
15.4522155660253
-7.47240629701162
10.9889986996682
23.0321315827749
14.1413418737978
6.46769019810915
-7.36439457888167
9.37310727625055
7.29520682239143
11.5411631940613
-14.9909081793409
-15.7816902549402
-2.40276499212708
11.0070957890766
-1.34809926026652
7.53915643598546
-2.71044715824415
-16.5721028420396
9.87034880341885
0.467012135084304
-4.94020551638449
-17.4022596849169
-3.35307416376683
6.65335154485241
-5.65959294426456
-4.562683827754
-7.16115967583565
10.2224853624512
-11.302015463118
7.38581209126998
8.78269858567754
7.43971419110251
-14.8122940563885
-11.6590435123397
5.5975573200109
2.04170050840315
-7.61603546441867
-3.53956778532401
-8.53737483516143
-1.95494093201821
-0.108601025770337
-4.59608876508726
8.27458204086343
0.844956032796898
-10.1362788042051
21.2699536705152
2.63221973692199
1.46555884578585
-11.6831692498281
-9.10092614171896
-7.90038965834831
4.11571141030029
-19.9946201628045
11.1704925079267
-19.4631920011267
-2.05895689858144
1.31037267327054
-0.468763028582326
5.11399981140524
-1.98393760068738
12.0826383852378
-16.733182400504
-18.1147219756122
-4.57654396958817
4.50027486297522
-9.77503381345052
0.586355414191186
-6.2718046270478
-2.77967054389588
11.303184866944
9.58029111578501
6.02189062803383
-14.5250156598563
-11.2238450135073
-17.6308676118701
2.83702835212051
3.02206752306548
3.79758559133267
-0.332112888432602
-0.0830405763884979
8.55453373528636
-10.4536280977075
-10.3101602987254
-4.51552276188475
-14.5692366237299
-2.17898438831989
5.43496720171153
8.2923669971135
15.4652449955758
-15.3689710126725
-4.74132766510235
-22.5388850855708
15.3415487299063
-4.2764735515645
1.80498404192707
-7.68403846425176
-1.2885723236731
-26.1196174542077
2.05493030421649
7.15927671877232
7.92848835540461
-11.1883068016985
-14.8532870656697
-0.112133851907893
3.6107460152706
-15.450267172962
7.40841181516804
-5.03782373365275
-7.06390111003901
-7.41031232491053
13.7804969214444
-5.5096079372059
-6.97689855007795
-5.4013971372754
-7.18354990127779
11.3204770376639
-2.09819412330942
17.7078940385469
-3.81582273955321
-5.88350610676553
-2.57942288852344
0.824599683040842
-7.91149090356971
3.69548277818459
-12.6242179894521
6.89605748384129
8.21218133476505
-3.95415157097549
1.59414394436844
2.79965830019436
3.74916301013552
3.16655266257108
-2.23546879823366
7.25078908612849
-12.2976608370368
22.5771098011152
5.83141626335211
2.91023098910001
-8.40110776909584
11.7286862124015
-6.98961054837325
-0.109625241987152
1.93142814260135
1.31923705189284
-20.2677168491924
4.24079275731442
12.5578293693673
7.57070769885754
3.64109846963503
2.72341508761365
-5.23500406693931
-1.47320341764582
-12.2752214172945
4.2394218654845
-17.1637939866568
-5.87570688079706
3.43053701434372
6.07370473117052
7.14759812654017
-14.6153712670953
12.9781026778608
8.68913911905988
22.4050879351181
3.63251570102933
-0.0715191939263963
-6.18001187681968
-7.95532163453047
17.7934476724146
11.6497650701386
11.3660138243887
-1.89342869314678
-15.3218091178816
-6.89530093522155
5.84339190803927
11.8921417611824
0.838243232927223
-13.2511865503863
-18.0256798758355
-21.0468584789256
-19.560102279666
12.8044285400371
-3.5746188505604
-4.09597119572534
-3.50334415991828
-2.50461803996394
9.23382769798999
3.71871734977074
-10.5063448745591
10.0621814678048
0.555336702717415
-0.470437969578602
7.43031072656013
0.358322883468296
-17.2617419881841
-0.931042696806525
0.948758113348954
-2.52327753617829
2.76665461257147
-4.38613844467143
1.29717102963552
4.02067562453489
-3.71485573123372
5.12832833630462
2.55329179819643
15.4055112368114
-5.03778610848824
2.42824106830206
-5.04482341355169
13.8135488889543
-15.1316832828615
2.18249166976667
12.6519459265179
24.8341918934404
9.42264773622748
1.84639259783031
13.8443463336274
-28.0287171091838
7.38288798360349
-11.1969182812932
-9.08692125783242
-1.90717686427263
-15.2830344694992
-3.07026729136604
8.32419728887307
2.32045803836653
-15.6697662120001
-8.35031727258812
-21.0830380282775
12.5285583944911
-3.08539489752274
-1.5346119247311
-6.73647647778465
-4.18037147545834
-1.247152871777
3.23415505167474
-8.16778127872923
-18.5475577969465
12.7521131938792
-7.59369824843721
3.30220473613318
-0.994934698459704
-15.2604365192436
5.63382808511171
7.9786293795377
6.20810419627776
-7.93338696497982
16.1466928245098
-7.61743624191778
0.182080166038078
-2.45678396619224
4.4356476176887
-0.591574488565429
-5.4841165954513
-6.02129374684783
27.0485931679277
-0.357917336553111
-0.159312759683903
-8.22328747609345
-2.47644721205759
8.88752789193399
-11.2626383483949
-0.596654285222314
-15.2289502252338
9.36918180555429
-6.77100550678028
-8.3559066214612
3.77483560207649
-6.53742455941737
-5.31734271361072
6.18147518814786
-20.4774085401313
-9.08279177086654
21.4604315787082
-7.51054833903327
-5.46156181827647
-10.3253929082734
-10.5941656846842
0.967408832882181
1.10581300892539
-19.8142873703548
-7.05127494677711
-24.6014801292281
-13.1835596393388
15.320808233923
-1.42658473248281
-1.34679933347919
4.47093408221259
-1.53976006550595
14.4608064305474
-1.33993140245685
3.16738575941325
6.43921064889504
17.4756014087231
5.61452725628901
0.26749513929924
4.56356176635427
4.54671513346119
-12.8522417289531
12.3204499888379
-0.502765439434362
9.11660228580241
-4.7670411467578
-15.3644816594284
-5.19337175714721
11.1160138999939
-15.2363830082568
12.4827987502355
4.55381262670754
-15.759381341145
-7.27548026519079
-2.7390484922631
-6.80234317631021
5.88484138862057
0.55878387497151
4.35051311029783
-5.16376004214263
-1.78562051343681
-4.28018234648713
-6.28630788887082
18.586331008069
-2.88295085941729
-11.2249420582697
16.1457457400141
-1.17113180439157
2.11463298501279
-14.1805979762482
-15.2019958680898
8.3813919380159
10.2942192652312
-8.23981091517858
-13.1700805560773
-15.4601275308061
1.40668148427403
-3.5519036177336
-4.13709636392339
-3.9995150954369
13.6546860274999
8.83522865159953
2.7856794993832
-16.3300549742335
1.81308928969292
0.655683464644505
-7.04574341593374
-4.78354001251597
-6.32057384301224
5.19866824350583
8.60789764142762
-7.1942252997805
13.4924656723693
-11.1370042924588
-5.82774215837729
4.08322266035101
-1.00133487498739
-9.15989959789268
12.0983941634708
4.91072417619938
1.6909466913992
-18.1436493235181
-0.871170675968463
5.42751245858627
-0.157016932304885
-2.73370878197297
-8.24365620761624
9.95343352558736
-8.12566066824696
6.49038164811273
-4.94103296813866
9.67620266805942
16.8003839276159
15.9974014336236
-8.68018242540075
7.78125414394694
11.899315536514
-7.68063571622774
10.3927669945836
-8.69117593989196
-3.57604226700773
-1.28871356452116
-0.792025118306652
-5.96740723858757
19.6772696806869
-8.84339267260403
3.81027552338549
11.6223995182574
7.74095700265246
-6.78990600914181
1.76745284212056
18.8801851166354
-15.8441073975599
-6.94116439412431
-9.29125790107767
5.17170785995828
-2.21483736067362
7.30062505000086
-11.4843676958257
19.2877710497751
-0.653300469435644
2.58860083345171
-6.50617576502284
-13.4343926350346
7.57504913360003
-20.5245683789905
-3.90129818132328
6.75598870032821
17.3057991351448
4.0460734041332
-0.954060336145881
-3.53682845613567
-3.50782792825243
13.9391713635211
6.96077245538492
10.97316131264
-1.7753754171705
-13.2553171539649
15.0137710432003
-0.0324544868624142
-11.779687633818
-3.11743508826044
1.2027533333207
2.73012462776823
-16.2294730401303
-4.11363529786644
8.48794373753987
2.34056650411673
-8.44283959233872
8.12787962399567
14.3958130956908
11.5935155064669
-1.73629525905586
-13.5260991368243
-0.299788739482481
-3.10462198403107
-0.0258721579483534
-12.1060535707689
7.6449407154415
3.09856490084463
-5.3873197345153
0.534865784127636
6.12184946895794
-4.33930987211999
-3.8138626940084
-9.49555816446484
-2.87787085241902
-4.82930467716036
24.5905350445839
-7.20818691188046
16.3197588830661
-11.2062770289815
25.5791291805314
2.8025299047951
-9.95666457489081
-4.83740661382149
5.32216917419615
-11.8932175004706
5.79648279328892
-1.4922740526273
10.3895278037153
-17.0172587169249
-6.63031227119637
20.7036061448488
15.0701027678358
3.53938381777214
-3.80487350425816
10.9652230867582
1.60674466038082
12.2098825129088
6.88230161700955
-23.8344346712953
-2.63708933278948
-9.11276632421067
0.736812088316374
3.00060800454007
-11.260352449083
21.696525798552
0.456050495670366
23.6573734293132
7.90232168347992
-27.2157100911788
1.91901019225246
-4.39427503463772
7.93954786055204
-15.0612385827607
2.44833785985953
1.49479337925331
-4.35547208682951
-8.89358294751127
3.23709160625582
